lr: 0.004450317947192458, train: 0.2018900066614151, val: 0.31049999594688416
lr: 0.004013325292492977, train: 0.20353999733924866, val: 0.31439998745918274
lr: 0.002755571838269668, train: 0.20437000691890717, val: 0.3154999911785126
