lr: 0.005687587703814425, train: 0.09325999766588211, val: 0.14630000293254852
lr: 0.004342371066157551, train: 0.14781999588012695, val: 0.22660000622272491
lr: 0.0010131043788936512, train: 0.19629999995231628, val: 0.29499998688697815
