lr: 0.0009752655949828389, train: 0.1847500056028366, val: 0.29319998621940613
lr: 0.006502735764138869, train: 0.14408999681472778, val: 0.24220000207424164
lr: 0.0008083592217359025, train: 0.19764000177383423, val: 0.31470000743865967
