lr: 0.0025830405747310284, train: 0.20497000217437744, val: 0.3138999938964844
lr: 0.007196414481668453, train: 0.20563000440597534, val: 0.31380000710487366
lr: 0.003595960537900319, train: 0.20548999309539795, val: 0.31690001487731934
